251
1059
251
1152
1112
1060
755
774
905
968
1060
1060
843
1060
1060
1060
1060
1060
1060
901
819
665
1060
1060
1010
1060
1060
1060
1022
788
1060
1060
1060
889
1060
1060
1060
1060
986
786
1060
831
886
850
925
1060
1060
1060
1060
768
1005
1060
1060
971
1060
1060
1027
980
1060
1060
796
712
248
987
977
1060
1060
1060
906
1060
811
1060
813
1002
1060
1060
1060
1060
1060
955
919
1028
1060
844
848
1060
1060
854
1044
1007
1060
1030
989
1060
1060
1060
1060
1021
1051
942
1060
1060
829
1060
1060
939
1060
1012
1060
1046
1060
1047
1060
734
946
490
947
932
683
1060
1060
1060
1060
1060
1060
1060
722
708
874
800
927
1060
1060
725
633
972
430
430
1043
1057
1013
889
979
1057
976
967
1033
1057
981
963
1029
1057
993
964
926
1049
960
1006
951
983
979
861
883
972
1156
1009
972
1019
1009
1009
1017
970
1155
974
756
1008
916
575
766
722
898
887
917
927
1034
946
945
770
1001
907
804
779
743
707
1012
943
915
534
1023
873
966
864
823
1006
682
1030
994
737
881
900
820
747
562
885
534
621
895
867
1029
1048
863
729
1043
498
1031
1031
951
951
1060
1069
792
1060
942
1015
828
958
877
740
841
565
1053
1025
717
981
590
827
689
798
589
1019
414
960
954
640
520
525
685
1013
953
917
917
761
1035
1035
1035
835
963
858
723
992
1060
778
973
662
787
876
901
875
474
993
879
1050
941
1103
688
1011
805
303
1060
579
579
896
1037
967
884
772
1038
936
634
1011
788
992
857
1106
669
1126
721
1032
665
1144
635
896
891
1068
314
943
800
1151
941
764
281
690
818
1094
721
689
1039
827
857
1117
1084
1139
183
820
858
1124
933
1102
999
1046
932
1119
764
856
915
1137
997
1037
1082
1111
874
891
484
741
1005
881
1028
303
971
1100
887
1147
1002
1037
714
996
772
853
961
520
841
904
968
761
851
662
807
998
980
1098
734
1099
728
1121
587
953
1086
1132
1056
754
887
1003
834
933
525
950
1105
955
1138
977
1145
627
1048
984
1020
1058
1129
927
1130
807
826
1015
863
582
828
1040
899
814
1032
634
740
981
1025
730
858
630
988
849
935
829
1034
792
510
1141
515
515
1014
813
1103
714
565
786
902
898
474
1063
735
983
995
744
509
1146
250
994
1041
733
784
1140
1080
801
905
1053
678
751
1000
811
635
1033
1052
729
1041
1045
872
1052
821
1069
796
947
1127
1042
1122
1120
1134
969
621
782
850
938
869
682
1026
1108
878
490
411
1004
944
908
747
848
1051
844
1107
597
877
597
890
295
886
562
890
928
1036
885
819
608
1022
919
768
830
895
888
954
1133
1095
705
705
1085
589
477
899
688
627
946
650
939
1023
678
1114
804
778
798
1142
780
1135
717
1093
1047
1001
750
962
923
1101
936
751
784
725
132
566
949
515
314
630
687
496
355
372
984
890
566
847
132
839
1059
883
725
725
633
633
430
430
430
633
430
633
633
633
430
972
633
464
464
142
632
350
388
388
388
122
122
388
388
1024
845
845
847
847
527
464
482
898
408
482
845
663
388
898
847
326
326
326
663
914
326
182
464
464
291
291
632
632
291
663
1024
1024
291
845
921
482
57
57
57
1001
921
321
321
139
632
632
139
1154
291
245
388
90
321
632
321
388
556
199
199
199
182
321
321
845
743
738
122
326
845
122
632
663
663
408
408
377
122
632
898
122
122
122
182
112
122
1154
388
388
388
743
743
151
151
151
151
632
142
408
464
142
142
142
1024
743
57
845
1006
1006
1006
682
682
943
461
791
791
791
543
543
543
592
592
566
566
779
833
913
833
833
873
873
566
42
42
873
543
543
970
185
610
610
873
873
186
592
336
540
610
592
540
610
223
223
223
223
566
791
223
336
336
336
223
223
190
791
410
592
410
540
791
328
328
540
454
454
970
722
970
697
697
540
543
540
540
943
361
336
336
791
873
833
913
913
913
697
913
592
866
697
373
697
392
392
564
564
697
697
697
927
722
328
791
833
473
473
410
461
410
223
564
564
564
564
328
970
328
328
328
943
443
697
697
737
1057
1057
737
737
976
976
758
591
591
366
366
591
1012
1012
588
220
756
220
709
478
478
285
126
126
945
220
220
578
429
429
756
756
756
54
54
29
285
756
945
945
478
588
588
478
478
839
126
285
949
756
756
285
285
1056
1056
452
60
758
217
335
758
758
1023
588
588
664
1055
1055
726
220
756
588
726
588
220
220
939
429
756
429
758
429
429
381
758
327
429
429
290
588
588
709
949
588
1055
758
220
366
709
839
60
756
220
220
220
126
60
60
60
60
804
285
285
576
578
664
578
758
664
664
664
664
60
758
889
889
883
820
820
561
707
271
271
684
98
132
132
98
864
684
684
793
793
691
179
179
887
98
793
581
581
864
567
567
24
132
179
753
179
179
357
357
179
179
864
132
581
113
113
492
907
111
492
179
179
887
522
84
691
179
98
301
301
301
111
98
301
301
301
89
89
357
691
89
89
691
301
301
864
864
522
684
522
946
522
24
24
636
567
636
412
412
887
864
864
864
466
431
431
567
567
636
753
636
838
636
466
599
599
132
703
412
412
838
89
412
89
487
98
24
24
412
599
466
883
883
883
883
885
885
738
388
482
482
482
388
350
321
845
914
914
321
482
408
96
96
408
527
916
182
199
464
291
139
291
291
442
663
556
663
527
527
645
645
199
645
442
388
442
442
291
90
90
442
182
182
442
442
408
482
926
926
926
895
895
116
328
328
722
722
116
116
116
543
116
116
116
450
580
580
450
361
116
686
109
686
686
186
190
592
592
592
592
454
461
454
610
610
171
171
171
592
219
697
185
336
543
543
116
361
361
791
580
190
361
361
361
1029
1029
1029
1048
1048
273
29
54
54
444
220
220
576
444
444
578
444
949
25
25
444
290
578
217
285
578
588
578
578
444
1056
756
756
334
126
756
381
381
52
273
381
52
334
220
334
758
334
334
452
54
54
54
217
555
334
334
444
444
1043
1043
1043
1043
946
89
89
89
113
412
412
911
753
466
911
911
357
113
753
753
691
412
111
111
753
753
113
294
89
132
132
431
431
111
271
271
113
113
271
271
431
111
89
561
431
487
294
113
684
684
294
294
294
294
561
84
911
911
911
911
1031
1031
1155
388
845
182
632
151
861
151
151
151
663
151
377
57
142
377
400
377
377
377
57
377
377
139
350
122
139
556
139
139
112
738
738
245
759
759
759
759
921
921
951
951
1060
1060
866
866
866
543
392
540
171
970
970
543
791
564
873
767
873
328
328
767
543
328
970
767
410
223
443
833
540
223
223
223
473
473
109
473
473
610
473
361
767
1033
1033
1033
1060
1060
327
366
52
366
366
366
327
327
285
1056
240
240
578
240
240
240
588
452
452
452
240
591
588
588
591
29
664
29
424
424
29
60
576
217
217
217
25
25
334
424
217
217
217
1057
1057
1057
883
1060
1060
278
431
431
278
278
357
357
24
113
567
278
278
278
431
431
492
864
492
412
426
426
492
492
111
64
111
111
793
301
89
301
64
864
64
64
64
431
864
37
37
64
64
492
1036
1036
1036
740
740
738
400
199
112
112
112
112
112
112
738
400
400
350
400
400
400
400
738
738
738
90
527
90
482
847
527
527
847
847
90
90
90
96
96
645
326
408
408
645
645
57
738
983
983
983
1053
1053
373
373
373
543
392
610
373
373
580
913
171
833
171
171
171
913
913
873
610
564
610
913
543
543
833
580
580
580
580
190
336
336
580
461
461
981
981
883
981
981
560
290
334
29
54
945
29
29
290
560
576
591
591
591
126
588
25
126
126
126
949
949
588
220
335
220
220
555
555
555
949
949
709
126
249
249
249
249
249
560
1057
1057
1057
689
689
793
793
793
24
24
24
84
412
84
487
487
567
567
487
84
84
84
89
422
422
89
301
466
466
466
422
422
422
581
691
111
466
37
838
838
838
581
581
581
581
1019
1019
1019
1019
632
482
57
57
57
527
112
291
291
663
663
182
663
663
645
645
377
527
1024
527
759
759
759
759
738
738
442
527
527
527
326
326
326
142
142
57
960
960
960
954
954
190
873
873
873
190
190
190
686
190
109
109
109
219
592
592
219
833
109
109
186
186
610
186
186
186
42
454
42
42
109
223
42
42
186
186
525
1057
1057
525
525
220
290
290
290
290
290
273
273
591
591
709
709
273
273
273
726
273
591
240
591
591
54
1056
327
709
709
709
334
709
327
1055
1055
953
1013
1013
953
953
691
684
613
613
567
64
691
691
1074
1074
1074
613
37
613
487
1157
426
412
703
89
703
426
412
426
522
426
426
426
613
431
422
684
684
613
761
613
613
1060
1060
96
96
96
96
245
245
245
245
350
350
350
388
408
408
408
350
632
845
151
632
632
350
667
667
667
199
667
112
667
667
1035
1035
1035
1035
1035
328
540
767
116
767
767
336
812
812
812
812
812
443
443
722
443
443
185
185
336
336
336
443
443
812
812
963
963
858
858
576
576
126
126
366
366
576
249
54
555
555
555
555
555
220
25
424
424
424
335
273
285
285
424
424
424
976
976
976
976
1060
1060
561
561
271
793
793
561
37
37
301
301
301
301
113
422
422
422
703
431
703
37
37
37
703
561
561
973
973
973
662
662
914
914
139
139
139
199
350
199
199
199
199
921
743
96
609
122
609
743
182
182
182
182
96
743
921
921
1049
1049
1049
1049
392
392
392
392
42
686
686
913
686
686
461
461
473
473
866
866
866
610
866
219
219
592
454
454
219
219
461
461
993
993
993
993
54
478
478
726
726
1158
452
452
452
839
220
327
591
327
240
327
327
478
560
217
560
576
560
560
726
979
979
979
1050
1050
691
113
113
691
179
278
278
278
487
487
487
111
111
522
522
522
522
522
793
487
567
636
636
113
567
492
492
1011
1011
1011
1011
1011
556
556
1024
556
527
556
556
245
245
245
861
861
861
667
464
464
464
326
326
464
667
609
96
609
609
609
609
609
861
861
861
883
1060
1060
251
1059
1059
1059
450
450
450
450
450
450
410
833
185
185
185
185
185
833
833
833
833
410
410
410
410
566
454
454
592
454
566
566
566
450
964
964
964
896
896
335
335
335
335
335
591
591
52
52
52
839
52
52
25
709
25
25
25
25
220
429
949
381
381
381
381
381
249
249
249
967
967
967
884
884
599
599
1074
271
271
599
98
98
426
98
98
98
98
294
294
294
357
357
599
132
113
113
567
113
132
132
132
599
1038
1038
1038
936
936
972
430
972
251
563
563
365
173
653
563
479
479
596
888
851
968
365
365
133
227
227
227
173
173
496
227
888
596
173
851
851
432
888
596
596
121
479
653
365
173
851
696
173
133
133
533
596
596
563
563
653
23
23
888
227
1097
1097
286
173
596
1159
365
31
31
568
568
365
365
121
173
548
365
365
331
331
331
331
548
548
173
851
263
263
173
888
653
563
888
4
653
851
4
365
4
4
653
634
634
496
496
164
164
496
12
12
153
263
153
910
173
55
55
1097
637
173
173
173
173
851
365
451
451
164
164
496
365
496
634
1070
173
528
365
365
528
528
528
528
528
173
851
637
596
528
528
851
533
153
55
55
533
227
331
331
496
154
154
121
121
1160
851
121
317
317
12
1097
12
23
365
23
637
910
910
331
23
23
121
121
596
263
365
331
365
634
365
154
936
936
596
263
653
173
121
121
331
263
23
23
154
653
173
653
496
696
12
23
365
12
349
696
696
133
432
596
55
1071
1071
1071
55
451
451
496
154
568
568
1097
1097
568
568
154
1153
153
451
124
124
451
263
451
653
563
563
563
331
563
563
154
154
1011
227
227
317
317
317
12
31
31
164
31
263
910
910
563
4
1161
124
124
124
696
568
696
153
153
153
548
548
548
31
548
213
213
596
213
213
153
153
1085
479
479
272
121
213
213
213
272
272
349
349
349
432
432
331
349
349
479
124
479
479
479
349
596
596
596
4
4
4
1153
349
761
761
4
4
121
121
637
263
263
496
496
637
637
227
227
227
227
331
164
164
164
164
528
213
213
533
533
637
662
662
55
55
31
31
31
528
331
331
533
533
55
286
286
286
286
286
286
286
533
671
740
568
568
1162
568
432
432
12
12
432
133
317
133
133
133
272
272
272
272
272
705
705
888
888
317
696
124
124
1070
1070
1070
124
121
528
121
317
317
608
885
597
597
782
782
882
782
536
536
782
597
647
226
216
268
597
268
597
536
536
882
200
597
604
513
513
465
539
539
465
200
782
786
226
513
513
652
226
539
513
539
221
604
604
782
168
604
539
614
168
168
168
168
168
226
34
80
80
513
583
782
539
539
882
586
647
647
865
782
865
681
681
794
681
681
882
539
583
583
216
216
536
421
421
583
597
681
216
1063
1063
340
439
439
865
221
110
539
539
539
465
710
221
221
465
221
221
539
1163
513
513
513
226
539
539
539
628
647
647
614
647
539
583
583
371
1063
226
226
628
513
536
513
421
226
513
149
149
226
371
536
80
586
586
586
80
865
882
882
513
386
386
371
371
371
371
539
628
628
207
647
513
513
794
647
439
539
439
226
439
439
586
216
226
226
216
1063
216
216
938
938
934
652
207
40
40
465
34
110
539
110
421
421
226
421
421
934
934
934
168
628
80
439
628
628
628
604
604
604
221
882
583
513
583
513
110
539
652
207
207
200
200
110
110
110
604
110
134
614
882
1164
27
27
882
221
221
221
27
27
27
614
710
710
710
134
513
934
934
934
688
688
865
865
226
439
439
586
465
34
34
34
207
207
268
268
268
268
710
710
652
652
604
586
586
583
224
224
386
268
268
539
539
34
34
421
541
934
207
207
207
207
614
614
268
589
589
168
439
386
134
134
934
221
221
439
63
110
710
421
340
586
541
586
586
465
465
465
63
63
63
63
710
80
80
63
63
63
477
477
27
27
541
149
34
386
386
27
149
149
200
200
80
80
80
149
221
221
536
226
536
536
149
149
899
899
1165
200
200
224
681
224
224
224
421
421
421
168
168
168
168
224
877
877
340
340
439
40
40
40
40
1166
652
536
536
652
652
40
794
794
340
340
340
295
295
207
207
439
207
134
134
647
134
134
134
168
465
541
541
541
541
562
562
893
893
893
736
736
736
736
893
944
736
736
107
1042
1042
1042
120
120
1076
736
1076
1076
356
356
160
75
75
192
192
893
61
61
516
1042
516
160
160
160
160
356
75
75
61
61
356
489
489
71
71
516
516
26
489
489
516
732
486
486
486
732
944
514
486
276
514
732
160
26
26
516
26
516
160
160
160
486
26
26
1167
435
435
356
1168
75
75
75
417
75
75
516
75
356
75
514
356
356
834
834
489
489
129
129
129
816
606
417
489
417
75
160
606
606
120
435
679
679
192
679
679
120
160
160
71
71
871
871
354
354
354
192
26
192
120
120
834
83
736
736
435
486
486
486
511
571
606
511
511
816
369
308
308
369
26
276
369
514
26
120
192
308
727
727
727
514
514
871
813
308
516
308
308
516
516
516
71
129
679
61
61
356
71
71
871
834
871
871
1037
1037
160
893
417
369
192
75
192
369
606
546
736
546
511
26
270
270
203
679
511
511
417
75
516
71
816
816
816
871
571
26
1076
727
606
606
26
571
129
486
129
129
129
26
26
26
107
516
129
192
158
486
276
107
107
546
546
546
270
308
71
71
192
270
270
270
702
1103
192
276
276
276
369
571
1169
129
1089
91
871
91
26
91
91
75
75
1089
727
120
61
816
356
511
511
1076
727
727
1089
435
192
192
435
435
435
369
369
203
203
129
129
369
369
369
798
276
276
276
276
944
120
158
158
158
736
679
679
571
571
679
514
514
71
71
192
679
489
417
417
417
893
893
893
893
670
670
417
107
107
417
417
83
83
83
1170
486
203
203
203
369
944
354
944
369
83
83
61
732
732
61
61
83
83
713
778
546
546
417
417
83
203
489
489
489
354
354
354
354
1020
958
107
107
308
516
516
516
516
91
417
91
91
91
679
158
158
158
158
158
679
1051
1051
356
356
356
433
433
546
433
433
417
417
417
417
569
569
569
569
569
569
569
747
747
849
241
241
542
680
878
542
650
680
399
445
445
445
399
399
210
284
284
284
680
404
650
241
542
542
542
105
347
650
284
284
897
650
650
602
897
762
762
762
445
333
650
600
551
551
399
650
650
680
680
680
762
542
657
284
284
657
878
878
687
687
991
991
991
991
817
817
284
817
657
878
817
330
680
210
542
210
210
210
284
1123
687
718
210
687
542
288
288
330
330
333
138
333
284
475
150
284
600
475
817
762
333
333
241
542
404
542
404
241
241
241
687
762
312
312
687
687
312
312
198
687
542
1171
304
304
312
312
849
1016
312
991
138
718
718
991
687
333
284
897
475
475
399
716
475
475
105
762
404
404
198
404
542
404
817
817
333
333
105
849
687
1123
105
897
150
150
687
551
312
288
475
817
716
716
288
288
445
404
395
724
724
395
330
817
600
404
404
105
849
105
312
754
754
150
468
150
241
241
288
687
241
991
762
657
991
288
288
603
603
210
399
399
600
600
399
399
138
330
304
687
687
304
577
577
611
680
680
333
333
333
333
241
241
577
150
603
603
577
577
577
542
150
475
150
304
304
475
687
687
718
198
198
475
475
475
138
551
138
138
923
923
602
718
718
602
284
602
198
687
399
468
468
468
716
716
347
347
304
468
434
312
347
650
404
330
330
347
241
602
1172
611
611
198
198
602
333
288
602
602
602
817
817
1016
1016
1016
347
935
935
391
391
600
687
150
150
391
391
475
210
210
542
304
304
542
1016
650
391
391
391
551
551
391
745
745
657
404
288
288
288
718
657
657
603
198
198
198
878
603
603
603
716
897
897
1173
434
434
434
434
434
434
434
603
1093
1093
724
724
817
475
475
475
724
611
600
600
611
395
395
395
395
611
716
716
611
611
804
804
210
333
333
288
445
724
724
138
284
284
284
657
687
138
138
824
824
551
1174
657
551
687
687
445
445
724
445
445
105
105
551
551
733
1023
814
225
225
622
622
622
1175
814
814
279
279
1080
1080
622
622
890
622
890
790
790
612
612
382
441
441
890
890
952
279
279
790
790
622
269
18
18
18
18
814
169
790
622
18
1080
612
441
890
296
296
524
524
790
169
169
769
769
169
181
769
181
181
789
789
789
789
526
526
789
102
169
890
441
102
102
618
1131
296
296
180
180
526
180
161
102
161
618
102
102
102
904
978
869
952
296
102
1087
296
169
114
76
622
169
169
441
76
235
235
44
114
189
114
114
789
952
97
97
769
493
612
612
612
769
102
41
296
296
735
269
269
41
102
41
441
493
526
269
269
700
169
169
700
161
161
618
700
1176
102
102
890
493
493
493
904
204
1087
526
612
16
161
952
952
612
476
476
16
16
476
769
476
16
16
41
493
18
493
978
493
904
904
612
789
789
44
161
44
169
189
612
795
476
76
18
795
795
189
189
189
189
441
789
441
476
18
269
269
526
526
235
235
235
235
252
252
252
296
952
952
189
44
952
16
44
44
44
44
16
169
169
16
493
97
476
97
76
97
97
97
97
382
382
382
114
814
235
102
102
18
252
252
252
1032
76
76
769
76
279
1087
279
279
279
279
279
279
235
235
169
296
524
524
296
44
44
169
41
814
1072
1072
814
814
441
269
441
441
161
180
180
180
790
814
296
1131
296
180
180
983
618
790
790
618
189
252
44
441
252
524
524
618
618
44
204
41
41
41
493
618
181
622
169
169
700
204
204
204
382
814
204
204
204
618
761
801
97
181
181
181
181
181
612
161
161
629
382
795
795
382
382
629
1072
1072
814
114
114
114
114
629
629
682
682
978
18
18
1072
904
16
16
204
700
114
114
700
629
524
524
629
629
629
1058
954
161
296
296
76
76
76
476
476
269
269
269
978
493
493
493
41
978
928
928
161
161
225
225
225
225
225
44
44
225
181
181
181
225
928
895
714
162
162
99
99
267
719
719
668
775
719
625
625
719
719
355
355
99
625
695
695
20
20
345
846
99
253
785
785
267
243
243
267
625
243
243
99
99
267
355
625
625
625
1136
65
47
99
785
785
695
47
47
550
254
253
47
550
47
47
99
775
775
719
625
254
280
846
254
267
243
243
775
355
20
20
20
846
47
47
20
20
719
502
254
254
550
267
550
20
668
719
550
550
99
253
267
253
20
550
261
254
20
20
258
775
20
47
258
625
243
243
1136
99
99
719
267
1077
261
345
550
261
261
714
343
505
505
695
695
695
695
358
550
358
502
243
502
550
668
775
1118
267
358
358
668
243
258
267
20
668
1081
261
714
261
355
243
243
345
345
345
345
1177
345
775
668
237
253
237
237
47
246
407
846
99
407
20
407
714
407
407
261
261
303
303
502
358
254
420
420
420
502
785
254
420
420
243
846
420
420
267
1081
550
502
929
719
345
345
929
99
668
287
287
929
929
471
471
258
258
258
1118
280
280
280
99
280
280
280
846
846
287
287
144
267
267
267
267
505
617
345
420
267
617
617
162
99
162
162
355
355
625
355
355
996
996
996
65
237
237
502
502
99
470
471
471
70
358
358
355
358
358
47
47
358
1178
343
343
47
719
846
453
453
162
162
162
358
1077
254
785
617
453
453
505
505
453
453
1066
1066
1066
1066
565
565
144
617
617
617
668
144
144
254
254
343
343
470
343
470
550
47
287
287
719
287
287
243
471
471
471
407
471
471
471
287
144
803
803
243
453
453
243
453
453
65
65
1077
1077
70
162
70
70
70
70
70
70
668
668
144
144
144
453
1107
1107
258
258
258
775
775
470
470
470
65
65
65
65
65
237
237
407
258
768
768
144
1081
1081
144
70
253
253
253
920
920
246
246
246
246
246
246
625
625
625
625
920
623
623
1179
505
505
280
407
407
471
343
343
470
453
453
505
505
621
621
751
656
515
656
760
515
515
5
982
515
515
982
982
656
515
515
515
751
982
572
362
362
656
260
260
352
751
313
313
751
751
515
344
515
947
337
337
462
462
760
362
344
344
760
760
362
137
137
137
137
177
5
137
462
462
594
594
398
94
94
515
462
462
398
462
462
462
436
94
177
594
177
177
177
362
362
362
94
362
656
656
352
887
887
177
177
462
362
370
370
177
760
344
656
594
370
370
152
152
152
594
218
6
462
6
6
74
344
344
751
324
398
572
302
398
337
337
462
6
337
324
324
887
930
94
594
94
81
731
731
81
760
316
362
837
152
344
837
177
177
837
436
74
462
751
6
6
436
436
436
324
572
457
457
457
260
457
462
398
362
462
260
260
462
837
177
152
152
74
94
94
66
66
94
94
887
324
324
805
313
313
66
66
519
302
302
177
177
177
177
519
519
519
313
344
337
337
731
398
289
289
289
289
177
152
760
152
152
177
572
572
572
572
344
344
982
982
982
313
177
239
760
344
66
302
302
302
930
930
930
74
74
5
398
760
370
370
370
370
6
6
5
1180
5
930
1003
1003
457
462
512
512
457
457
239
239
370
66
313
313
313
177
177
289
289
289
66
462
6
362
344
344
344
656
656
656
594
383
572
383
457
383
344
344
656
1000
1000
731
1073
5
5
177
731
731
731
66
177
398
387
81
1073
1073
1073
383
81
81
81
387
1181
436
177
436
436
387
387
387
387
387
387
411
411
1067
1067
436
383
6
383
436
1067
218
512
512
512
344
218
316
66
94
94
94
218
218
218
137
137
81
218
218
1014
1014
152
383
383
383
316
316
316
316
137
137
137
316
594
594
594
316
1099
1099
289
260
260
260
260
837
837
5
5
837
352
352
352
74
74
74
352
837
969
787
239
239
239
239
337
337
337
66
66
512
512
519
519
519
519
1004
999
990
537
1086
537
507
30
30
30
1026
654
711
711
765
1053
1053
30
507
30
630
178
178
508
508
277
277
85
765
711
393
393
711
765
163
537
163
765
765
660
654
277
277
537
178
277
277
277
393
393
660
654
654
654
654
537
446
277
277
67
711
660
660
127
67
660
660
21
21
67
67
630
282
711
711
518
518
30
518
660
72
72
72
518
711
711
765
765
765
660
319
507
21
21
277
277
178
178
201
325
537
630
325
325
325
131
660
325
325
385
507
30
363
363
257
711
257
163
325
537
325
660
319
319
660
72
117
363
363
363
277
660
277
363
363
999
85
201
277
537
537
660
282
282
711
45
72
446
277
537
537
1182
446
325
508
660
508
508
508
45
45
45
999
507
660
178
488
488
488
488
277
163
163
277
630
282
282
45
999
990
45
765
1046
1046
518
178
117
537
117
521
30
30
521
777
117
117
117
518
660
660
660
630
277
446
127
127
127
127
277
30
127
30
30
1183
319
30
257
131
131
282
282
131
131
131
518
257
257
988
325
363
163
277
163
351
277
393
393
72
72
163
163
257
319
319
277
277
282
277
446
277
654
1053
1053
446
446
507
988
988
988
1113
1113
385
660
310
363
163
310
310
537
1184
711
711
711
385
862
862
277
508
508
21
178
178
178
72
21
282
282
777
257
521
131
131
385
1116
1116
72
21
21
21
385
999
385
385
1047
1047
353
131
131
353
353
353
353
310
310
163
127
310
163
67
67
67
777
67
325
277
201
72
131
131
201
999
488
117
1086
488
999
999
509
509
131
507
507
319
319
85
85
85
1185
21
257
257
85
85
85
507
862
777
777
777
310
507
507
744
744
67
67
117
351
351
351
319
319
319
393
393
990
990
946
946
488
488
537
537
201
178
201
201
201
45
45
862
862
862
678
678
521
521
521
353
862
862
862
521
990
630
630
990
351
351
351
990
521
1108
1108
933
635
635
635
627
627
627
635
635
627
627
504
504
1148
222
635
635
222
627
506
506
159
635
635
924
348
627
348
348
348
1096
635
535
535
506
635
553
553
638
244
244
255
255
638
159
635
222
553
553
553
553
506
504
506
348
924
348
348
535
389
389
1186
348
396
396
222
222
380
348
380
380
380
222
32
32
553
506
403
403
403
1096
1096
196
773
773
773
627
59
59
773
212
456
456
535
985
212
212
553
222
506
368
368
222
59
148
38
38
694
348
148
1096
148
148
506
506
196
1096
222
553
553
196
196
222
933
460
368
244
456
504
222
504
212
924
535
535
222
368
59
59
264
264
368
504
38
38
38
924
222
348
924
390
506
390
390
212
933
638
222
506
504
390
264
222
348
535
694
694
504
390
390
348
504
504
403
403
159
159
535
32
504
504
933
212
212
896
896
390
222
1148
59
264
264
348
141
159
255
255
59
59
59
244
244
59
59
244
553
32
32
390
506
460
460
32
32
32
32
259
535
259
259
32
32
244
255
255
255
315
773
456
315
315
222
59
59
694
148
196
264
264
38
380
924
924
380
380
196
148
635
222
460
255
1102
553
380
1109
1109
259
773
773
403
456
456
506
506
985
985
456
456
368
535
38
159
504
159
159
368
368
460
244
244
215
215
504
222
222
348
348
460
32
32
694
460
460
460
525
1187
389
389
389
389
315
315
315
315
985
773
773
159
159
985
348
222
638
985
348
348
348
535
535
535
535
638
638
638
598
244
598
598
638
1048
1048
694
694
38
698
698
148
148
148
698
698
698
38
38
506
506
506
403
196
196
196
698
698
858
858
773
403
773
403
403
535
390
390
396
396
396
396
396
593
773
593
593
593
593
981
141
141
389
38
389
141
264
264
141
141
38
38
598
598
1188
553
598
598
141
828
828
259
222
456
456
259
259
59
348
59
215
222
215
215
315
215
215
215
1033
961
832
449
449
372
372
372
320
320
449
449
449
449
209
1061
372
1061
624
191
1034
320
320
197
784
784
784
197
449
449
784
784
372
372
1061
1061
372
320
784
191
184
1034
299
299
394
394
855
449
449
184
675
675
675
394
394
784
394
197
959
197
108
855
56
56
56
675
108
108
402
17
17
675
197
394
1034
402
402
197
197
372
394
959
959
440
675
855
418
419
419
17
56
184
56
197
108
197
197
529
529
529
529
418
402
1189
56
56
394
197
197
197
184
449
449
155
418
402
959
418
784
418
56
440
209
209
961
209
378
419
419
419
197
440
184
299
409
419
449
1061
374
374
17
784
832
17
197
197
372
532
532
532
92
449
92
92
419
961
341
440
675
320
320
372
674
532
674
92
855
855
459
402
459
459
209
402
209
675
1061
92
92
440
961
155
440
440
957
957
92
92
50
50
50
394
50
50
810
810
372
810
394
409
409
108
409
419
810
810
56
378
378
378
92
529
529
459
108
108
17
529
529
50
459
459
624
624
624
378
17
17
1190
209
459
459
1191
320
320
855
103
103
103
784
810
419
532
810
810
459
103
372
103
103
103
378
474
474
959
810
418
959
459
459
320
320
155
155
402
402
402
402
402
209
2
56
2
2
855
832
832
832
459
674
17
674
674
459
372
92
418
155
155
155
155
520
520
378
409
409
50
17
378
56
56
191
191
191
1192
184
191
184
184
449
103
419
56
409
624
624
1150
1150
378
378
961
961
752
752
92
418
92
197
197
675
184
184
374
624
50
50
529
209
17
624
624
374
374
374
374
749
749
440
299
299
780
449
449
449
299
299
299
674
674
674
674
299
299
717
717
341
108
108
108
341
17
17
341
191
191
341
2
2
2
341
341
341
994
994
401
401
409
409
409
341
401
401
401
401
2
2
401
401
792
792
950
467
136
984
673
673
265
397
397
265
265
265
549
549
601
601
265
549
415
415
912
912
136
136
306
275
167
167
265
415
415
397
397
275
174
549
415
415
981
549
265
346
346
821
346
346
167
167
415
742
136
549
616
136
136
742
821
821
306
306
742
742
673
673
119
673
673
167
167
415
549
119
306
306
912
912
119
119
119
174
415
1193
51
265
912
306
187
187
265
187
415
174
912
167
346
13
13
167
397
912
912
167
616
616
616
616
415
673
397
397
397
673
306
306
673
481
397
376
51
51
376
673
673
415
187
187
346
397
13
376
673
346
346
51
174
174
950
1025
174
397
346
28
232
232
346
346
232
136
136
870
870
481
232
232
950
136
912
481
870
481
136
136
1194
415
265
364
364
364
167
840
346
306
840
364
549
265
481
481
481
950
172
232
174
579
579
415
167
912
376
172
364
172
346
870
306
87
172
172
136
136
742
415
415
346
167
397
840
136
397
397
265
306
28
346
265
549
549
28
115
115
46
28
187
28
28
46
870
46
46
46
46
51
51
136
51
51
51
51
397
601
187
136
601
601
840
840
346
346
266
266
266
266
266
875
875
167
601
13
266
1083
1083
364
364
549
397
397
1083
364
46
364
51
167
167
616
742
742
167
167
46
51
51
1083
51
51
51
51
549
467
208
208
742
208
981
397
306
208
208
208
208
1105
208
167
46
46
616
115
232
232
167
115
51
187
115
842
51
51
415
673
481
115
115
115
115
115
818
1068
87
87
87
912
912
87
870
870
87
87
46
172
467
467
467
265
265
172
840
28
172
172
172
87
1095
1095
195
397
364
1025
821
136
821
821
601
601
601
275
275
275
275
1025
648
1025
13
306
13
275
275
266
265
187
187
13
13
13
467
376
376
842
842
842
842
1020
1020
195
870
195
195
136
119
119
119
376
376
195
195
467
467
467
195
1069
853
234
781
384
384
510
1041
463
228
448
10
510
510
510
545
781
211
211
545
10
494
494
228
228
463
463
510
118
118
118
118
211
211
211
118
783
595
211
384
211
211
262
262
1041
510
783
228
48
781
262
1
545
545
545
228
510
494
494
894
595
1
1
783
783
384
367
510
262
1041
510
557
557
692
262
406
293
595
557
448
595
595
557
783
783
894
894
595
298
545
298
298
298
494
894
494
211
406
234
406
274
274
595
620
274
211
211
274
894
545
1092
1092
463
211
211
211
448
448
88
448
62
62
448
262
262
293
293
423
463
853
853
463
692
545
211
242
262
262
242
557
406
922
922
783
118
692
211
62
448
406
620
448
783
448
448
494
406
242
595
242
242
853
797
620
48
48
48
48
692
574
406
206
206
48
242
853
242
234
856
856
69
228
228
228
545
545
545
211
463
1
1
1
262
595
463
783
463
463
10
384
545
10
384
384
69
595
69
211
620
298
298
797
510
510
62
228
62
62
797
10
10
10
10
10
494
494
262
274
545
274
367
274
242
538
538
880
880
880
262
448
448
448
494
538
510
62
62
62
538
69
262
262
797
1100
1100
293
293
692
692
545
234
234
406
1062
1062
574
574
574
574
406
620
620
234
880
880
14
14
1062
1062
14
1062
228
293
293
406
406
62
574
574
14
14
274
274
557
922
922
234
234
1101
1101
367
574
574
298
62
10
574
367
14
1079
557
557
1
1
781
274
1
1
538
406
406
406
367
538
538
298
206
206
69
69
69
367
367
836
836
574
574
595
595
595
922
545
545
406
406
545
545
922
206
206
298
298
894
423
423
1
423
423
423
423
1098
1098
118
379
379
206
206
379
379
463
406
1092
379
379
379
379
824
1001
274
262
274
274
448
595
448
692
692
234
894
118
118
894
894
733
733
88
88
88
781
781
88
88
69
620
69
1079
274
206
1079
69
88
1045
1045
676
35
183
547
547
236
35
658
183
183
587
183
183
106
106
322
322
547
676
776
229
229
1195
183
183
146
658
800
183
183
587
544
544
658
658
658
587
587
1196
307
307
547
183
643
776
776
643
307
307
573
658
183
676
676
305
305
183
658
658
413
413
413
644
157
157
644
338
338
35
338
425
425
573
544
573
573
587
776
469
322
183
183
322
425
425
776
425
425
236
236
721
236
721
676
676
676
776
544
544
626
338
338
776
229
307
307
229
35
530
157
183
658
587
157
157
587
530
530
530
229
229
146
776
587
658
1197
146
146
236
721
523
305
748
748
748
35
35
305
573
573
776
1198
530
530
605
530
338
238
480
480
605
605
183
238
238
238
587
587
425
425
587
236
236
342
183
157
547
183
547
626
35
776
626
626
547
338
469
469
587
469
469
469
183
146
587
1064
146
342
342
721
342
342
236
884
884
800
146
480
480
587
573
587
573
480
480
229
547
776
146
146
469
413
106
106
106
157
338
530
157
157
587
157
143
305
183
143
143
523
658
305
544
544
544
322
322
523
523
523
626
626
626
500
35
238
329
329
547
238
329
329
425
544
307
500
500
523
1032
307
523
605
605
605
748
544
146
748
605
605
500
500
35
35
35
35
500
776
626
307
307
229
307
307
413
413
35
776
776
500
338
676
143
143
338
338
689
658
544
547
643
544
229
229
229
229
229
644
644
644
644
644
322
322
329
329
425
425
499
619
619
469
469
1199
499
499
644
480
480
480
499
1200
499
499
891
891
619
619
619
619
305
305
305
643
106
106
425
425
322
322
322
619
143
748
748
143
619
820
820
157
157
642
573
305
305
305
642
413
413
413
642
642
106
106
642
642
642
953
626
626
643
643
643
643
143
292
146
619
292
292
1201
292
292
292
292
1064
1064
1064
523
292
828
828
238
229
229
238
748
1202
748
544
544
238
342
307
307
342
342
1052
807
283
283
484
807
283
1052
1052
283
283
214
214
501
484
43
43
868
501
501
807
501
1110
484
715
570
715
807
868
868
715
1110
145
145
484
484
145
484
501
145
807
807
43
43
428
484
484
428
428
428
309
309
484
484
860
860
497
230
230
807
497
501
497
300
300
497
570
283
283
860
283
807
135
558
43
43
297
135
135
193
715
1091
166
166
1091
297
297
297
501
193
193
807
693
135
135
135
1039
1039
860
570
1203
639
639
570
437
437
693
135
639
570
860
639
501
715
300
256
309
559
309
559
214
807
214
214
214
188
1125
868
188
639
639
1039
135
497
283
428
230
230
193
1204
145
693
43
145
145
297
205
205
297
202
202
437
202
202
1143
860
860
860
501
501
437
297
297
570
230
230
230
715
300
283
300
300
82
82
693
428
484
693
693
693
715
715
570
715
1039
655
297
826
826
428
428
428
300
1205
166
145
715
715
166
570
188
309
300
570
501
570
570
214
11
309
145
82
82
11
11
11
485
214
311
311
300
1143
297
297
485
501
807
501
8
82
205
300
82
8
437
166
437
8
484
256
8
11
1125
693
501
501
558
309
193
193
193
11
11
166
992
992
205
1206
205
205
297
283
214
860
300
437
300
585
585
283
283
428
428
428
188
188
188
585
231
231
256
256
256
309
11
309
82
231
231
1091
1091
868
485
485
205
205
205
827
827
311
230
311
311
311
311
43
43
43
311
145
145
497
860
497
497
100
485
485
193
639
639
428
485
100
100
311
311
100
100
764
764
82
297
11
297
297
82
82
202
202
655
655
8
8
214
214
1039
43
231
231
231
231
1039
655
899
899
558
558
558
559
256
256
256
256
309
309
309
309
655
202
437
202
655
655
998
998
437
437
437
437
311
485
256
485
100
868
868
100
100
166
188
188
166
311
311
741
741
559
559
559
585
585
8
428
8
437
437
8
8
1039
729
729
531
531
281
997
531
750
802
802
997
281
318
318
405
405
997
997
318
427
997
802
427
427
531
472
101
101
15
15
101
101
750
997
281
416
416
416
281
15
416
416
15
15
416
281
318
318
997
318
318
332
15
15
802
531
802
802
78
416
416
9
318
78
318
78
78
531
15
503
427
15
472
472
86
472
427
472
427
661
472
281
661
531
318
281
15
438
438
175
175
857
857
318
318
318
677
677
438
677
677
416
416
318
503
318
802
677
677
9
416
318
416
1149
997
997
472
472
472
802
802
318
101
427
123
123
123
123
9
247
427
175
416
802
78
405
416
427
339
318
123
123
175
175
175
857
661
86
416
416
78
86
0
0
318
9
405
318
86
86
405
86
677
86
175
281
281
130
130
438
427
323
15
438
0
323
323
323
323
405
194
194
194
318
1065
1065
857
1065
175
1018
1037
15
531
427
165
318
427
318
531
78
194
78
661
661
165
165
165
165
323
123
15
15
123
405
427
405
405
405
1128
1128
247
101
438
438
39
39
9
86
472
458
458
318
472
39
93
123
93
93
78
78
39
53
1115
318
339
339
281
416
416
1115
802
332
332
323
375
39
39
1106
1106
405
9
86
802
427
661
427
416
375
375
661
472
472
332
332
677
677
194
194
194
194
323
323
458
458
375
375
1065
375
375
375
9
9
9
247
247
247
332
332
332
661
590
93
130
130
15
130
130
472
472
93
78
427
405
405
9
247
247
247
339
339
339
339
438
438
677
9
323
818
818
690
690
0
0
427
0
0
427
427
503
130
130
1207
503
156
86
156
123
156
9
156
156
750
750
93
78
156
156
881
881
750
750
750
750
9
9
9
53
101
101
101
53
53
53
53
53
53
962
962
86
86
503
503
503
503
0
438
438
458
93
123
458
458
458
728
728
93
93
93
78
78
156
965
165
1149
165
165
78
78
661
965
965
965
863
314
170
233
68
68
170
49
607
125
3
125
903
68
68
1058
1058
615
36
49
68
314
615
615
68
125
125
631
615
125
77
125
128
73
903
615
125
699
699
699
314
77
73
233
314
491
491
491
170
615
125
79
104
68
607
170
806
806
491
49
49
170
170
806
806
615
68
68
33
95
491
73
49
77
77
73
68
615
125
552
125
125
95
77
95
95
68
73
68
19
19
495
495
669
495
669
68
3
3
3
447
128
128
552
314
314
49
68
77
77
77
58
58
903
615
170
73
607
607
1088
607
359
49
49
49
669
739
147
147
552
552
615
1088
170
170
68
455
455
615
33
491
491
33
68
615
68
77
233
233
33
33
49
3
233
3
3
125
77
19
19
903
903
147
147
68
73
77
73
73
79
79
79
669
739
495
495
856
856
77
859
806
68
33
552
552
615
552
447
447
631
631
631
19
19
631
631
314
314
607
170
314
447
36
170
170
491
170
176
125
7
607
7
128
147
147
77
483
176
73
73
58
631
3
3
483
176
36
36
36
68
1208
95
95
58
36
49
455
491
491
491
3
3
36
36
447
808
808
903
68
68
903
903
19
128
7
7
95
33
33
104
104
7
7
806
73
73
455
455
79
233
233
7
7
491
58
359
359
359
491
58
491
359
359
359
359
1094
1094
33
170
22
33
125
22
22
36
3
68
140
22
176
140
140
140
631
495
859
58
95
58
58
552
73
552
495
495
745
745
33
73
73
73
1088
1088
95
95
95
68
1078
1078
1078
1078
483
483
483
483
739
128
128
3
3
739
739
649
649
176
176
176
49
22
22
147
233
233
147
859
859
859
859
859
943
943
140
140
140
79
79
79
79
483
19
104
19
19
19
806
806
73
22
73
73
739
824
824
128
128
104
104
104
104
699
699
699
495
233
495
495
495
780
943
904
928
843
843
843
888
1060
517
517
822
517
928
608
608
608
608
981
666
666
1058
1058
1058
712
1036
968
928
928
822
822
822
822
822
822
968
905
984
815
815
822
815
761
815
815
872
905
701
701
701
701
725
774
851
755
755
755
1032
1032
755
755
634
1032
904
1054
1054
1054
1054
872
634
1052
1054
819
819
819
901
517
705
705
705
705
517
517
712
712
712
1086
682
682
928
682
981
981
981
1026
815
801
801
671
1026
1026
701
701
701
886
1053
995
995
995
995
995
995
1054
852
852
852
852
852
928
928
1022
1022
1022
737
828
666
666
666
666
737
517
517
517
886
981
812
858
815
815
858
858
1010
928
891
891
891
891
984
984
984
984
701
950
950
950
950
822
665
665
665
665
936
928
928
712
1052
1040
666
666
828
1040
1040
1040
931
931
931
931
931
931
889
815
671
671
671
671
807
941
941
941
820
1048
941
941
941
1090
1090
1090
683
683
892
892
892
892
892
892
822
822
788
788
788
1039
1104
925
925
925
925
850
998
623
957
623
906
623
623
623
850
749
920
920
920
886
886
757
831
831
831
831
909
909
831
831
831
714
902
803
803
360
360
803
803
803
714
752
771
771
771
786
786
826
992
986
986
986
986
996
996
996
1104
1104
938
938
872
772
774
774
774
890
1060
623
295
295
295
295
890
623
830
830
830
1005
830
909
757
909
768
768
768
768
803
477
477
477
477
774
1080
796
771
771
771
771
841
688
735
735
735
1060
735
909
909
869
869
869
869
869
909
909
796
1041
763
763
763
741
741
763
763
998
998
998
554
554
980
360
360
360
360
980
1027
909
764
764
764
764
902
902
902
902
771
771
509
509
826
826
971
971
938
906
906
906
750
360
763
763
763
1015
1015
779
1015
757
757
757
757
1005
1005
900
749
360
749
749
749
749
977
752
752
752
899
752
752
977
987
987
987
987
590
992
992
992
248
248
248
248
957
957
957
712
857
1018
965
965
965
965
965
908
969
1004
908
1018
908
728
908
908
908
648
706
706
706
706
712
1042
1002
956
956
956
728
725
725
956
1002
813
818
670
411
1014
411
411
411
813
690
809
809
809
809
1120
1000
1000
1000
702
1000
1000
811
811
702
702
1084
702
1018
1018
834
834
834
834
582
848
848
848
844
1051
651
651
651
651
651
844
969
1020
969
969
969
969
1028
713
648
648
648
648
648
1028
919
670
670
670
670
670
919
809
809
955
955
955
702
702
702
702
774
714
1018
1018
1003
1003
1003
1003
805
989
989
989
989
1030
582
706
706
582
582
582
962
962
962
872
627
1007
730
730
730
730
730
730
1044
648
690
690
648
648
854
854
854
854
809
809
712
933
725
725
725
579
725
1037
1004
1004
796
796
942
706
706
1020
747
747
747
1058
1051
728
728
728
1051
728
1021
730
881
881
962
1082
1082
879
713
713
713
713
713
713
879
818
818
818
818
818
875
875
875
886
1084
1084
579
669
669
669
669
1058
1058
1058
1058
250
250
872
872
872
878
1012
672
672
672
1023
678
678
678
678
746
678
641
641
641
641
939
704
704
704
641
1058
704
939
1060
646
646
646
649
509
509
509
509
836
649
836
836
712
1056
708
708
708
708
988
988
829
829
829
836
836
836
672
672
849
849
849
849
872
872
947
947
672
1045
1045
1045
1045
490
490
946
733
678
678
250
250
734
704
704
704
704
734
734
734
744
744
745
646
646
744
744
1047
509
836
836
836
796
887
856
856
923
923
923
887
1046
754
856
1209
754
754
754
754
780
780
780
780
1060
250
739
739
250
250
672
672
672
683
683
898
898
898
898
898
898
915
704
745
745
915
915
646
646
712
1034
836
836
683
683
856
808
932
932
856
1023
1023
872
872
714
733
733
733
641
733
714
824
824
824
824
927
927
800
746
746
746
746
746
800
874
836
649
649
649
649
874
745
745
745
708
708
708
935
935
935
721
722
721
721
808
808
808
808
970
808
808
883
430
1009
972
633
633
972
1009
1009
918
918
918
1043
918
918
779
779
1059
883
779
779
685
685
1059
1013
685
685
881
975
975
883
975
975
879
879
1008
979
1008
1008
590
590
770
1057
770
770
723
723
723
976
723
723
659
659
659
967
659
659
799
799
799
1033
799
799
948
948
966
1057
966
966
554
554
1001
883
1001
1001
835
835
1059
963
835
835
1068
867
867
1029
867
867
640
640
1059
1057
640
640
916
916
1059
993
916
916
579
940
940
964
940
940
534
534
1075
926
1075
1075
787
575
575
1049
575
575
414
414
1059
960
414
414
823
937
937
1006
937
937
707
707
1059
951
707
707
841
841
907
983
907
907
584
584
584
1035
584
584
805
805
974
883
974
974
825
825
1059
883
825
825
498
498
1059
911
498
498
877
1055
1055
1036
1055
1055
778
766
766
973
766
766
917
917
1059
613
917
917
798
798
945
1019
945
945
720
720
720
1011
720
720
772
772
1017
1038
1017
1017
863
863
942
942
685
685
1060
1060
879
879
590
590
723
723
659
659
799
799
948
948
554
554
835
835
867
867
640
640
916
916
964
964
534
534
787
787
414
414
823
823
951
951
841
841
1035
1035
805
805
825
825
498
498
958
958
778
778
917
917
798
798
720
720
772
772
729
729
1015
1015
1013
1013
900
900
1050
1050
827
827
992
992
967
967
792
792
994
994
717
717
963
963
1029
1029
520
520
474
474
579
579
621
621
876
876
960
960
1006
1006
951
951
565
565
1035
1035
303
303
562
562
1031
1031
877
877
973
973
917
917
589
589
688
688
1038
1038
1060
1060
927
800
874
1060
722
1060
1060
1060
1060
1060
1060
1060
683
932
947
490
946
734
1060
1047
1060
1046
1060
1012
1060
939
1060
1060
829
1060
1060
942
1051
1021
1060
1060
1060
1060
989
1030
1060
1007
1044
854
1060
1060
848
844
1060
1028
919
955
1060
1060
1060
1060
1060
1002
813
1060
811
1060
906
1060
1060
1060
977
987
248
712
796
1060
1060
980
1027
1060
1060
971
1060
1060
1005
1060
1060
1060
1060
1060
925
850
886
1060
1060
786
986
1060
1060
1060
1060
889
1060
1060
1060
788
1022
1060
1060
1060
1010
1060
1060
665
819
901
1060
1060
1060
1060
1060
1060
843
1060
1060
968
905
774
755
1060
1152
1059
251
251
251
251
251
1210
1059
1060
1112
936
1011
1019
1060
662
740
1031
885
1060
1035
1053
1060
682
954
1049
895
896
993
525
1048
858
981
737
1060
884
1060
689
1050
820
953
1060
1043
1038
688
589
1211
973
1212
1031
562
303
1035
565
951
1006
960
876
621
579
474
520
1029
963
717
994
792
967
992
827
1050
900
1013
1015
729
772
720
1213
917
1214
958
498
825
805
1035
841
951
823
414
787
534
964
1215
640
1216
835
554
948
1217
659
1218
1219
879
1060
1220
1221
863
1017
720
945
1059
766
1055
1059
1059
974
584
907
1059
937
1059
575
1075
940
1059
1059
867
1059
1001
966
799
659
723
770
1008
975
1059
1059
918
1060
755
774
905
968
1060
1060
843
1060
1060
1060
1060
1060
1060
901
819
665
1060
1060
1010
1060
1060
1060
1022
788
1060
1060
1060
889
1060
1060
1060
1060
986
786
1060
1060
886
850
925
1060
1060
1060
1060
1060
1005
1060
1060
971
1060
1060
1027
980
1060
1060
796
712
248
987
977
1060
1060
1060
906
1060
811
1060
813
1002
1060
1060
1060
1060
1060
955
919
1028
1060
844
848
1060
1060
854
1044
1007
1060
1030
989
1060
1060
1060
1060
1021
1051
942
1060
1060
829
1060
1060
939
1060
1012
1060
1046
1060
1047
1060
734
946
490
947
932
683
1060
1060
1060
1060
1060
1060
1060
722
1060
874
800
927
1060
1060
936
1011
1085
761
662
740
705
885
904
1032
983
801
682
954
928
895
896
1102
525
1048
858
1135
828
1033
1151
1032
689
891
820
953
1130
1052
938
688
589
477
899
877
295
562
303
996
565
1138
1107
768
1133
621
1119
474
520
1140
1137
717
994
792
826
992
827
764
899
998
741
729
1037
1103
798
1122
778
1134
1051
747
1147
1003
1000
411
1014
1099
1127
1004
1144
1124
1105
1068
1095
1025
1020
1069
1037
1106
1117
690
881
962
1145
863
754
923
935
1114
1093
804
1146
1023
1046
988
1047
1132
744
946
1222
1108
856
1100
1101
1141
1098
1001
733
1045
1121
1126
1094
1139
1111
943
1129
1142
